1 1 135 153 383 327 -1 -1 -1 0 
2 1 135 154 382 326 -1 -1 -1 0 
3 1 135 153 383 327 -1 -1 -1 0 
4 1 135 153 384 327 -1 -1 -1 0 
5 1 134 151 384 329 -1 -1 -1 0 
6 1 134 151 384 329 -1 -1 -1 0 
7 1 136 150 382 330 -1 -1 -1 0 
8 1 136 156 381 324 -1 -1 -1 0 
9 1 135 153 383 327 -1 -1 -1 0 
10 1 135 154 383 326 -1 -1 -1 0 
11 1 135 154 383 326 -1 -1 -1 0 
12 1 136 153 381 327 -1 -1 -1 0 
13 1 135 155 383 325 -1 -1 -1 0 
14 1 135 155 383 325 -1 -1 -1 0 
15 1 136 156 382 324 -1 -1 -1 0 
16 1 136 156 382 324 -1 -1 -1 0 
17 1 135 155 382 325 -1 -1 -1 0 
18 1 136 153 381 327 -1 -1 -1 0 
19 1 135 153 382 327 -1 -1 -1 0 
20 1 135 154 383 326 -1 -1 -1 0 
21 1 136 154 381 326 -1 -1 -1 0 
22 1 137 156 381 324 -1 -1 -1 0 
23 1 135 154 382 326 -1 -1 -1 0 
24 1 136 154 381 326 -1 -1 -1 0 
25 1 136 154 381 326 -1 -1 -1 0 
26 1 136 154 383 326 -1 -1 -1 0 
27 1 135 154 383 326 -1 -1 -1 0 
28 1 135 152 382 328 -1 -1 -1 0 
29 1 135 155 384 325 -1 -1 -1 0 
30 1 134 156 384 324 -1 -1 -1 0 
31 1 135 155 384 325 -1 -1 -1 0 
32 1 135 155 384 325 -1 -1 -1 0 
33 1 135 156 384 324 -1 -1 -1 0 
34 1 134 154 384 326 -1 -1 -1 0 
35 1 134 156 385 324 -1 -1 -1 0 
36 1 135 154 383 326 -1 -1 -1 0 
37 1 135 156 384 324 -1 -1 -1 0 
38 1 135 155 383 325 -1 -1 -1 0 
39 1 133 157 385 323 -1 -1 -1 0 
40 1 133 157 385 323 -1 -1 -1 0 
41 1 134 156 384 324 -1 -1 -1 0 
42 1 135 157 383 323 -1 -1 -1 0 
43 1 135 158 382 322 -1 -1 -1 0 
44 1 136 157 382 323 -1 -1 -1 0 
45 1 136 156 383 324 -1 -1 -1 0 
46 1 135 157 382 323 -1 -1 -1 0 
47 1 135 153 384 327 -1 -1 -1 0 
48 1 135 153 384 327 -1 -1 -1 0 
49 1 135 155 383 325 -1 -1 -1 0 
50 1 136 157 383 323 -1 -1 -1 0 
51 1 134 157 384 323 -1 -1 -1 0 
52 1 135 156 383 324 -1 -1 -1 0 
53 1 135 156 383 324 -1 -1 -1 0 
54 1 135 157 382 323 -1 -1 -1 0 
55 1 135 155 383 325 -1 -1 -1 0 
56 1 135 155 383 325 -1 -1 -1 0 
57 1 135 157 383 323 -1 -1 -1 0 
58 1 133 157 385 323 -1 -1 -1 0 
59 1 133 157 385 323 -1 -1 -1 0 
60 1 136 156 382 324 -1 -1 -1 0 
61 1 133 156 385 324 -1 -1 -1 0 
62 1 134 155 385 325 -1 -1 -1 0 
63 1 136 157 382 323 -1 -1 -1 0 
64 1 136 157 382 323 -1 -1 -1 0 
65 1 135 158 384 322 -1 -1 -1 0 
66 1 135 158 384 322 -1 -1 -1 0 
67 1 134 155 385 325 -1 -1 -1 0 
68 1 137 157 382 323 -1 -1 -1 0 
69 1 135 157 383 323 -1 -1 -1 0 
70 1 136 156 383 324 -1 -1 -1 0 
71 1 137 156 382 324 -1 -1 -1 0 
72 1 136 157 382 323 -1 -1 -1 0 
73 1 136 157 383 323 -1 -1 -1 0 
74 1 136 156 383 324 -1 -1 -1 0 
75 1 136 155 383 325 -1 -1 -1 0 
76 1 135 157 381 323 -1 -1 -1 0 
77 1 134 157 382 323 -1 -1 -1 0 
78 1 135 156 380 324 -1 -1 -1 0 
79 1 135 157 380 323 -1 -1 -1 0 
80 1 135 155 380 325 -1 -1 -1 0 
81 1 135 155 378 325 -1 -1 -1 0 
82 1 134 153 379 327 -1 -1 -1 0 
83 1 134 153 379 327 -1 -1 -1 0 
84 1 134 156 378 324 -1 -1 -1 0 
85 1 134 157 379 323 -1 -1 -1 0 
86 1 134 157 379 323 -1 -1 -1 0 
